...aaa-Q

111 1111111111.1)111111111111;.1111111 11111111 1111 1111111111 111111 11111111
1111111111 11111 1111111111· 11111111111111111 1111111, 1111111 11111 1111111111
· 111 1111111111 11111111, 111111 111111 111 111 11111111111111111111111111111
111 111 ς1111111111 1111111111111111111111111111111 1111111 111, 1111111111 11111
111111) 111 1111111111 11111 111 11111111 111 [11113111 1111111),11111111111111
1111111 311111 1111111111 111 111 1111111 1111. 11111 11111 111111311111191
11111111111111111111 1111111111 11111 111111 111111111111111 31111
111111111311111111111111111 111111 11111111111111111111 11111111) 111 11 111 1111,
11111, 111111Θ1111 1822 1111 111 11111 111111 1111111111 1111111111. · 11111111
1111 11 1111 111 1111111 11. 111 111111. 1111111111 1111111111, ,1111111111 111
1111111111 1111 11111 1111) 1111111 111111,Ι 1111111111 1111111111· 1811111 11
111111. 31111111 1111111111 11111111 1111111111 111 1111111111 111111 1111111, 1111
fo 11111111 1 111) 11111111111111111111111 1111111111111111111111111. 511 &m
11111 1818 11111111 111111111111111 1111111111 1111111 111111111111111111
11 111 11111111111,.11111111 11 111 1 111111111111111111111, 11111 11111111

, 1111111111111111111111,11111111. ,3131111811 11111111 1111111111111111

111111 1111111111111111111)1111111111111111111 1111111 1111111 11 1811 111
&telle 111 111111111111111111111111, 1111113111111511111 11111111) 11 1111111
1111111 111, 111111 &seut 1 111 11 111111 11111 11111111 111. &tin 1111111 11111 111
1111, 111111 111111, 1111111111 111111 111111 1111 111, 1111 111111 11111111
1111 111 11111111 11111111. 11111111111111 (11111111113111111 1111111 111 11
111111) fid) 11 &ebrum 111 1111111111 1111111111 1111111111111111111111111111, 111111
111 1161111111 1111 1111, 111 111 111 11 ,11 &duae 1111111 11111111 1111111111

11111111111111. 1 1111) tange 1111.11111111’111’1)1111111111 1111111111 111 1

1111111111 111111 1111111 111111 111111111111111111 11161111 111 1111111111
11111 1111 111111111111111111 111111 11111111111111 111 111 (11111111
11111 1111 1111 11111111 1111 111 111111· 11 111111 111111
111111111111111111111111111 11111111 111111 1111 111 1111 111111. 1111111 11
111111111111111111111111111111111111111111111111111111) 111 11111111111111 111
1111 111111, 111111, fo [11111111 1111111111111111111111 111, 11111 11111111 ,111
11111111 11111111 111) 1111111111111111 111 1111111111 11111, 111111. ’ &enit
111111 111111 111 1111131111111111 1111111, 1111111111111111111111111111
11111111 11111111111111, 111 1111111111111 111Θ11111111111111111111111111
1111, 111 11111111) 11111111 111111111111111111, 11111111 1111111111.θ1111
111111) 11111111 111. 111111111111111111111111111111111111 1111111111
111111111111111,“111.11191111111111111111111111111111111111111111111
1111) 2111111111 1111111111 1111111111111111 111111 111111, 11 111 1111111111

 

