-66-ς...

3666666666, 666366666666, 6666666666 666 6666666666.
66666666 66666666 6666 666, 666 6666666 6666. 66666666 666 6666666666.
· 6666 6666666 Dtto, 666 6666666, 6666. 6666666666 666 6666666666.
86666666) 66666666 66666666, 666 6666666, 6666. 66666666 666 6666666666.
gumfa) 6666666666 86666, ’666 6666666666 666 6666666, 1666. 3666666666.
(66666 6666666666 66666, 666 θ6666666666666, 1666. 66666666.
· 66666666) 6666666666 666666, 666 66666666, 6666. 66666666 666 6666666666.
x 6666 66666666 6666666, 666 6666666666, 6666, 6666666666.
6666666 &rust 6666666666, 666 6666666, [tub. ῒς66666666666.
(6666 6666666 66666666 666 6666 666666 6666 3666666666.

(666666 666 66666 666666 6666666 66 6666666 66666666 666 6666666 6666. 66666666
666666 666 6666666666 6666 6.666

66666 6666 sen 3666 6666 66 666 666 666 666 6666666666 6666666666 66666666, 66666666
ein saepius 66666, bie Θ66666666666 nunquam 6666 ein 6666) vix unquam 6666666666
nunquam 6666666666 manen. 36 6666666666666666 6666666666 6666 66666 6666 666 666
6666666666 6666666661. 666666666666666, 96661.,6666666,666666 6666666616,
666666 11⁸, 66666 666 666666116 666 66666666 satis dignus 66666666.

6666666666 6666666666 [66 6666 66 666666 66666666666666666 6666 [6666666 66666
2666666666

6666666666666 nsotb 66 666 666666666666666 6666 walhem
6666666666666666 6666666666 666 666, 666 Dte& 66 6661. mr.
' Gatl 6666666666 666 6666666 66 6666 66666 stud. mr.

ὒ666666 66 666666 666 6666666666 6666666666 66666666 666 666 6666666 666 666666
omnino dignus, 6666 66666666 6666 satis dignus 6666666666 666666. Ι

66666 666666 6666666666666 66666 666 666 666) 666666, 666666 6666666666
6666666666666666666 66 66666666, rma& 666 666 66666666 666 6666666666 66666686666666,
66 666 6666666666- 666 (6666666 6666666 Θ66666666666 66 66666666 6666666666 Ι666
6666666666. 666666 6666666 6666666666 66 666666666666666666 6666666
666666(666666666666666666666666666666666666666666666666616666τε
6 6666 6666666666 &m 66666, Die ,ὓ66 6666 666666 6666666666 66666 6666 6666
’ [tint

 

